1,2,3,4,6,7,9,10,11,13,14,15,17,18,20,22,23,24,25,26,27,28,31,33,35
102,103,104,105,107,108,109,110,111,112,114,115,116,117,118,119,120,121,122,123,124,125,126,127,128,129,131,132,133,134,135,136,138,139,140,141,142,143,145,146,147,148,149,151,152,153,154,155,156,157,158,159,160,161,162,163,164,165,166,167,168,169,170,171,172,173,174,175,176,177,178,179,180,181,182,183,184,185,186,187,188,189,190,191,192,193,194,195,196,197,198,199
201,202,203,204,205,206,207,208,209,211,212,213,214,217,218,219,221,222,225,227,240,245,256,262
300,303,304,305,306,311,314,317,318,320,323,326,331,332,334,338,340,345,365,379,397
401,402,409,411,412,414
500,501,502,503,504,507,509,511,512,514,516,517,518,519,520,521,522,523,525,527
700,701,702,703,704,705,706,707,708,709,710,711,712,713,714,715,716,717,719,720,721,722,723,724,725,727,728,729,730,731,733,734,735,736,737,738,739,741,742,743
800
900,921
C40
E-1,E-2,E-7,E-9
L-1,L-2,L-3,L-4,L-5,L-6,L-7,L-8,L-9,L10,L11,L12,L13,L14,L15,L16,L17,L18,L19,L20,L21,L22,L23,L24,L25,L26,L27,L28,L29,L30,L31,L32,L35,L36,L37,L38,L39,L40
Z-1,Z-2,Z20,Z26,ZB,ZG,ZM,ZP,ZS2,ZW
